(wolfram)[jewellb:~VIRTUAL_ENV]$ python temp.py
Year    | Low   | High    (averages)
----------------------
30  | 45    | 1970
30  | 48    | 1971
31  | 50    | 1972
42  | 60    | 1973
35  | 54    | 1974
29  | 46    | 1975
37  | 56    | 1976
36  | 56    | 1977
27  | 42    | 1978
35  | 54    | 1979
29  | 46    | 1980
31  | 49    | 1981
31  | 50    | 1982
34  | 53    | 1983
25  | 40    | 1984
34  | 54    | 1985
33  | 53    | 1986
33  | 55    | 1987
31  | 50    | 1988
31  | 53    | 1989
36  | 55    | 1990
35  | 53    | 1991
32  | 50    | 1992
31  | 46    | 1993
30  | 49    | 1994
33  | 54    | 1995
27  | 44    | 1996
33  | 52    | 1997
36  | 51    | 1998
28  | 47    | 1999
36  | 55    | 2000
30  | 46    | 2001
32  | 50    | 2002
33  | 53    | 2003
36  | 51    | 2004
29  | 45    | 2005
33  | 48    | 2006
39  | 56    | 2007
32  | 47    | 2008
35  | 57    | 2009
35  | 54    | 2010
33  | 49    | 2011
44  | 63    | 2012
30  | 44    | 2013
28  | 48    | 2014
